procs -----------memory---------- ---swap-- -----io---- -system-- -------cpu-------
 r  b   swpd   free   buff  cache   si   so    bi    bo   in   cs us sy id wa st gu
 3  0      0 1872160  21108 820364    0    0 34205 15663 1889    2  2  1 95  1  0  0
 3  0      0 1872160  21108 820408    0    0     0     0 3407   63 100  0  0  0  0  0
 3  0      0 1872160  21112 821964    0    0  1112     0 3184  174 98  2  0  0  0  0
 3  0      0 1872160  21112 821964    0    0     0     0 3037   51 100  0  0  0  0  0
 3  0      0 1872160  21112 821964    0    0     0     0 3004   45 100  0  0  0  0  0
 3  0      0 1872160  21120 821964    0    0     0    36 2993   66 100  0  0  0  0  0
 3  0      0 1872160  21120 821964    0    0     0     0 3198   58 100  0  0  0  0  0
 3  0      0 1872160  21120 821964    0    0     0     0 3462   43 99  1  0  0  0  0
 3  0      0 1872160  21120 821964    0    0     0     0 4191   49 93  7  0  0  0  0
 3  0      0 1872160  21120 821964    0    0     0     0 4452   54 91  9  0  0  0  0
 3  0      0 1872160  21120 821964    0    0     0     0 4773   56 92  8  0  0  0  0
 4  0      0 1872160  21128 821964    0    0     0    12 3817   69 97  3  0  0  0  0
 3  0      0 1872160  21128 821964    0    0     0     0 3689   40 100  0  0  0  0  0
 3  0      0 1872160  21128 821964    0    0     0     0 2884   41 98  2  0  0  0  0
 3  0      0 1872160  21128 821964    0    0     0     0 3659   49 99  1  0  0  0  0
 3  0      0 1872160  21128 821964    0    0     0     0 3767   37 100  0  0  0  0  0
 3  0      0 1872160  21128 821964    0    0     0     0 3831   55 99  1  0  0  0  0
 3  0      0 1872160  21136 821964    0    0     0    12 4097   73 100  0  0  0  0  0
 3  0      0 1872160  21136 821964    0    0     0     0 4272   53 99  1  0  0  0  0
 3  0      0 1872160  21136 821964    0    0     0     0 3832   43 100  0  0  0  0  0
